Y	M	D	62922800	62942747	62933800	62943917
2013	1	1	0	0.5	0	0
2013	1	2	0	0	0	0
2013	1	3	0	0	0	0
2013	1	4	0	0	0	0
2013	1	5	0	0	0	0
2013	1	6	0	0	0	0
2013	1	7	0	0	0	0
2013	1	8	0	0	0	0
2013	1	9	0	0	0	0
2013	1	10	0	0	0	0
2013	1	11	0	0	0	0
2013	1	12	0	0	0	0
2013	1	13	0	0	0	0
2013	1	14	0	0	0	0
2013	1	15	0	0	0	0.5
2013	1	16	0	0	0	0
2013	1	17	0	0	0	0
2013	1	18	0	0	0	0
2013	1	19	0	0	0	0
2013	1	20	1	1.5	1.5	1
2013	1	21	3	4	4	3
2013	1	22	0	0	0	0
2013	1	23	0	0	0	0
2013	1	24	0	0	0	0
2013	1	25	0	0.5	0	0
2013	1	26	0	0	0	0
2013	1	27	0	0	0	0
2013	1	28	0	0	0.5	0.5
2013	1	29	0	0	0	0
2013	1	30	3.5	4	3.5	3.5
2013	1	31	26.5	26	27	24.5
2013	2	1	7	6.5	6.5	7.5
2013	2	2	0	0	0	0
2013	2	3	1	2	1.5	0.5
2013	2	4	4.5	4.5	4	5
2013	2	5	1	1	1	0.5
2013	2	6	0.5	0.5	0.5	0
2013	2	7	0.5	0	0	0
2013	2	8	0	0.5	0	0
2013	2	9	0	0	0	0
2013	2	10	0	0	0	0
2013	2	11	0	0	0	0.5
2013	2	12	0	0	0.5	1.5
2013	2	13	0	0	0	0
2013	2	14	0	0	0	0
2013	2	15	0	0	0	0
2013	2	16	0	0	0	0
2013	2	17	0	0	0	0
2013	2	18	13.5	13.5	4	3.5
2013	2	19	17	17	0	0
2013	2	20	6	3.5	0	0
2013	2	21	0	0	0	0
2013	2	22	0	0	0	0
2013	2	23	0	0	0	0
2013	2	24	0	0	0	0
2013	2	25	1	0	0	0.5
2013	2	26	5.5	4	0	4.5
2013	2	27	0	0	0	0
2013	2	28	2.5	5	5.5	4.5
2013	3	1	3.5	2	3.5	3
2013	3	2	0	0	0	0
2013	3	3	0	0	0	0
2013	3	4	0	0	0	0
2013	3	5	0	0	0	0
2013	3	6	0	0	0	0
2013	3	7	0	0	0	0
2013	3	8	0	0	0	0
2013	3	9	0	0	0	0
2013	3	10	0	0	0	0
2013	3	11	0	0	0	0
2013	3	12	6.5	6	5.5	8
2013	3	13	1.5	1	0.5	1.5
2013	3	14	0	0	0	0
2013	3	15	0	0	0	0
2013	3	16	12	12	13	16
2013	3	17	18	18.5	15.5	16
2013	3	18	0	0	0	0.5
2013	3	19	0	0	0	0
2013	3	20	0.5	0	0	0
2013	3	21	0	0	0	0
2013	3	22	2.5	2.5	2	4
2013	3	23	0	0	0	0
2013	3	24	0	0	0	0
2013	3	25	0	0	0	0
2013	3	26	0	0	0	0
2013	3	27	0	0	0	0
2013	3	28	0	0	0	0
2013	3	29	0	0	0	0
2013	3	30	0	0	0	0
2013	3	31	0	0	0	0
2013	4	1	0	0	0	0
2013	4	2	0	0	0	0
2013	4	3	0	0	0	0
2013	4	4	0	0	0	0
2013	4	5	0	0	0	0
2013	4	6	0.5	0.5	0	0.5
2013	4	7	0	0	0	0
2013	4	8	0	0	0	0
2013	4	9	0	0	0	0
2013	4	10	0	0	0	0
2013	4	11	0	0	0	0
2013	4	12	0	0	0	0
2013	4	13	0	0	0	0
2013	4	14	0	0	0	0
2013	4	15	0	0	0	0
2013	4	16	0	0	0	0
2013	4	17	0	0	0	0
2013	4	18	0	0	0	0
2013	4	19	4.5	5.5	0.5	5
2013	4	20	0.5	0.5	0.5	0.5
2013	4	21	0	0	0	0
2013	4	22	7.5	8	5.5	6.5
2013	4	23	0	0	0	0
2013	4	24	0	0	0	0
2013	4	25	0	0	0	0
2013	4	26	0	0	0	0
2013	4	27	0	0	0	0
2013	4	28	0	0	0	0
2013	4	29	7.5	26.5	11.5	18
2013	4	30	1	1.5	0	1.5
2013	5	1	0	0	0	0
2013	5	2	0	0	0	0
2013	5	3	0	0	0	0
2013	5	4	0	0	0	0
2013	5	5	0	0	0	0
2013	5	6	0.5	1	0.5	1
2013	5	7	5	5	2.5	3
2013	5	8	10	10.5	8.5	9.5
2013	5	9	25.5	18.5	5	16
2013	5	10	0	0	0	0
2013	5	11	0	0.5	0	0
2013	5	12	0	0	0	0
2013	5	13	0	0	0	0
2013	5	14	0	0	0	0
2013	5	15	0	1.5	1.5	1
2013	5	16	4.5	3	2.5	4.5
2013	5	17	3.5	3.5	0	3
2013	5	18	5	4.5	0	4.5
2013	5	19	0	0	0	0
2013	5	20	0	0	0	0
2013	5	21	0	0	0	0
2013	5	22	0	0	0	0
2013	5	23	0	0	0	0
2013	5	24	0	0	0	0
2013	5	25	3.5	2.5	1.5	2
2013	5	26	47.5	42.5	22.5	49.5
2013	5	27	0.5	0.5	0	0
2013	5	28	0	0	0	0
2013	5	29	4.5	4	4	3.5
2013	5	30	10	16	11.5	14
2013	5	31	0	0	0	0
2013	6	1	2	3	4	3
2013	6	2	0	0	0	0
2013	6	3	0	0	0	0
2013	6	4	0	0	0	0
2013	6	5	0	0	0	0
2013	6	6	0	0	0	0
2013	6	7	7.5	4.5	2.5	8
2013	6	8	2	2	1	3
2013	6	9	0	0	0	0
2013	6	10	0	0.5	0	0
2013	6	11	6	6	1	4
2013	6	12	0	0	0	0
2013	6	13	0	0	0	0
2013	6	14	0	0	0	0
2013	6	15	0	0	0	0
2013	6	16	0	0	0	0
2013	6	17	0	0	0.5	6.5
2013	6	18	0	0	0	0
2013	6	19	49.5	0.5	0	9.5
2013	6	20	0	0	0	0
2013	6	21	0	0	0	0
2013	6	22	0	0	0	0
2013	6	23	1.5	1.5	6.5	4.5
2013	6	24	0.5	0.5	1	0.5
2013	6	25	10	10.5	13.5	17.5
2013	6	26	0	0	0	0
2013	6	27	0	0.5	0	0
2013	6	28	0	0	0	0
2013	6	29	0	0	0	0
2013	6	30	0	0	0	0
2013	7	1	0	0	0	0
2013	7	2	0	0	0	0
2013	7	3	0	0	0	0
2013	7	4	0	0	0	0
2013	7	5	80.5	74	80	81
2013	7	6	17.5	7.5	0	6.5
2013	7	7	94	66	29.5	76
2013	7	8	0	0.5	0	1
2013	7	9	0	0	0	0
2013	7	10	0	0	0	0
2013	7	11	0	0	0	0
2013	7	12	0	0	0	0
2013	7	13	0	0	0	0
2013	7	14	0	0	0	0
2013	7	15	0.5	0.5	0	0
2013	7	16	2.5	1.5	0	2.5
2013	7	17	0	0	0	0
2013	7	18	0	0	0	0
2013	7	19	0	0	0	0
2013	7	20	59	75.5	26	23.5
2013	7	21	21	67	40	33
2013	7	22	2	4	9	3
2013	7	23	0	0	0	0
2013	7	24	0	0	0	0
2013	7	25	0	0	0	0
2013	7	26	0	0	0	0
2013	7	27	0	0	0	0
2013	7	28	0	0	0	0
2013	7	29	0	0	0	0
2013	7	30	0	18	0	0
2013	7	31	2	0	0	0
2013	8	1	27.5	13	0	16
2013	8	2	0	0	0	0
2013	8	3	0	5.5	0.5	0
2013	8	4	0	0	0	0
2013	8	5	0	0	0	0
2013	8	6	0	0	0	0
2013	8	7	0	0	0	0
2013	8	8	0	0	0	0
2013	8	9	0	0	0	0
2013	8	10	0	0	0	0
2013	8	11	0	0	0	0
2013	8	12	0	0	0	0
2013	8	13	1	0	0	0
2013	8	14	0	0	0	0
2013	8	15	0	0	0	0
2013	8	16	0	0	0	0
2013	8	17	0	0	0	0
2013	8	18	23.5	0	0	0
2013	8	19	4	2	4	0
2013	8	20	0	5.5	3	11
2013	8	21	0	0	0	0
2013	8	22	2	2.5	4.5	2.5
2013	8	23	3	0.5	2	1.5
2013	8	24	12.5	54	5	12
2013	8	25	5	5	2	2.5
2013	8	26	13.5	41	25	40
2013	8	27	0	0	0	0
2013	8	28	0	0	0	0
2013	8	29	0	0	0	0
2013	8	30	0	0	0	0
2013	8	31	0	0	0	0
2013	9	1	0	0	0	0
2013	9	2	0	0	0	0
2013	9	3	0	0	0	0
2013	9	4	0	0.5	0.5	0
2013	9	5	19.5	18	16.5	15
2013	9	6	3.5	3.5	3	3.5
2013	9	7	2.5	3	3	3.5
2013	9	8	0	0	0	0
2013	9	9	0	0	0	0
2013	9	10	0	0	0.5	0
2013	9	11	47	56	19.5	69
2013	9	12	0	0	0	0
2013	9	13	0	0	0	0
2013	9	14	0	0	0	0
2013	9	15	0	0	0	0
2013	9	16	0	0	0	0
2013	9	17	0	0	0	0
2013	9	18	0	0	0	0
2013	9	19	0	0	0	0
2013	9	20	0	0	0	0
2013	9	21	0	0	0	0
2013	9	22	0	0	0	0
2013	9	23	3	5.5	4	0
2013	9	24	43	35.5	0.5	15.5
2013	9	25	1	1	0	0.5
2013	9	26	0	0	0	0
2013	9	27	6	5	0.5	2.5
2013	9	28	11	11	4	10
2013	9	29	0	0	0	0
2013	9	30	0	0	0	0
2013	10	1	0	0	0	0
2013	10	2	0	0	0	0
2013	10	3	0	0	0	0
2013	10	4	0	0	0	0
2013	10	5	0	0	0	0
2013	10	6	0	0	0	0
2013	10	7	2	1	0.5	0
2013	10	8	1.5	2	1.5	1.5
2013	10	9	0	0	0.5	0
2013	10	10	0	0	0	0
2013	10	11	0	0	0	0
2013	10	12	0	0	0	0
2013	10	13	0	0	0	0
2013	10	14	0	0	0	0
2013	10	15	1	1.5	1.5	0.5
2013	10	16	0	0	0	0
2013	10	17	0	0	0	0
2013	10	18	0	0	0	0
2013	10	19	0	0	0	0
2013	10	20	0	0	0	0
2013	10	21	0	0	0	0
2013	10	22	0	0	0	0
2013	10	23	0	0	0	0
2013	10	24	0	0	0	0
2013	10	25	0	0	0	0
2013	10	26	0	0	0	0
2013	10	27	0	0	0	0
2013	10	28	0	0	0	0
2013	10	29	0	0	0	0
2013	10	30	4	3	1.5	2.5
2013	10	31	1	1.5	1.5	1
2013	11	1	0	0	0	0
2013	11	2	0	0	0	0
2013	11	3	0	0	0	0.5
2013	11	4	0	0.5	0	0
2013	11	5	0	0	0	0
2013	11	6	0	0	0	0
2013	11	7	0	0	0	0
2013	11	8	0	0	0	0
2013	11	9	9	8.5	15.5	5.5
2013	11	10	2.5	1.5	0	2
2013	11	11	0	0	0	0
2013	11	12	0	0	0	0
2013	11	13	0	0	0	0
2013	11	14	0.5	0.5	0.5	0
2013	11	15	0	0	0	0
2013	11	16	0	0	0	0
2013	11	17	0	0	0	0
2013	11	18	0	0	0	0
2013	11	19	0	0	0	0
2013	11	20	0	0	0	0
2013	11	21	0	0	0	0
2013	11	22	0	0	0	0
2013	11	23	2	2	0	1
2013	11	24	8	10	1.5	7
2013	11	25	0	0	0	0
2013	11	26	0	0	0	0
2013	11	27	0	0	0	0
2013	11	28	0	0	0	0
2013	11	29	0	0	0	0.5
2013	11	30	0	0	0	0
2013	12	1	0	0	0	0
2013	12	2	0	0	0	0
2013	12	3	0	0	0	0
2013	12	4	0	0	0	0
2013	12	5	0	0	0	0
2013	12	6	0	0	0	0
2013	12	7	0	0	0	0
2013	12	8	0	0	0	0
2013	12	9	0	0	0	0
2013	12	10	0	0	0	0
2013	12	11	0	0	0	0
2013	12	12	0	0	0	0
2013	12	13	0	0	0	0
2013	12	14	0	0	0	0
2013	12	15	0	0	0	0
2013	12	16	1.5	1.5	0.5	0.5
2013	12	17	0.5	0.5	0	0
2013	12	18	0	0	0	0
2013	12	19	0	0	0	0
2013	12	20	0	0	0	1
2013	12	21	0	0	0	0
2013	12	22	0	0	0	0
2013	12	23	0	0	0	0
2013	12	24	0	0	0	0
2013	12	25	0	0	0	0
2013	12	26	0	0	0	0
2013	12	27	0	0	0	0
2013	12	28	0	0	0	0
2013	12	29	0	0	0	0
2013	12	30	0	0	0	0
2013	12	31	0	0	0	0
2014	1	1	0	0	0	0
2014	1	2	0	0	0	0
2014	1	3	0	0	0	0
2014	1	4	0	0.5	0	0
2014	1	5	0	0	0	0
2014	1	6	0	0	0	0
2014	1	7	5.5	5.5	0	2
2014	1	8	5	5	4	4.5
2014	1	9	0	0	0	0.5
2014	1	10	0	0	0	0
2014	1	11	0	0	0	0
2014	1	12	0	0	0	0
2014	1	13	0	0	0	0
2014	1	14	0	0	0	0
2014	1	15	0	0	0	0
2014	1	16	0	0	0	0
2014	1	17	0	0	0	0
2014	1	18	0	0	0	0
2014	1	19	0	0	0	0
2014	1	20	0	0	0	0
2014	1	21	0	0	0	0
2014	1	22	0	0	0	0
2014	1	23	0	0	0	0
2014	1	24	0	0	0	0
2014	1	25	0	0	0	0
2014	1	26	0	0	0	0
2014	1	27	0	0	0	0
2014	1	28	0	0	0	0
2014	1	29	11	0	7	9
2014	1	30	0	0	0	2
2014	1	31	0	0	0	0
2014	2	1	0	0	0	0
2014	2	2	0	0	0	0
2014	2	3	2	0	1	0.5
2014	2	4	0	0	0	0
2014	2	5	14	0	0	0
2014	2	6	20.5	0	5	17
2014	2	7	5.5	0	0.5	0.5
2014	2	8	0.5	0	0	0
2014	2	9	0	0	0	0
2014	2	10	0.5	0	1.5	0
2014	2	11	0	0	0	0
2014	2	12	0	0	0	0
2014	2	13	6.5	6	0	0
2014	2	14	0	0	0	0
2014	2	15	0	0	0	0
2014	2	16	6.5	6	4	4
2014	2	17	7.5	7.5	7	7
2014	2	18	5	5	0.5	1
2014	2	19	10	7.5	0	0
2014	2	20	0	0	0	0
2014	2	21	0	0	0	0
2014	2	22	0	0	0	0.5
2014	2	23	0	0	0	0
2014	2	24	4	3.5	2.5	0
2014	2	25	8	9.5	7	7
2014	2	26	0	0	0.5	0
2014	2	27	13	13.5	11.5	13
2014	2	28	13.5	11.5	11	13.5
2014	3	1	2	2	1	1.5
2014	3	2	0	0	0	0
2014	3	3	0	0	0	0
2014	3	4	0	0	0	0
2014	3	5	0	0	0	0.5
2014	3	6	0	0	0	0
2014	3	7	0	0	0	0
2014	3	8	0	0	0	0
2014	3	9	0	0	0	0
2014	3	10	0	0	0	0
2014	3	11	1	1.5	1.5	0
2014	3	12	2	1.5	1	1
2014	3	13	0	0	0	0
2014	3	14	0	0	0	0
2014	3	15	0	0	0	0.5
2014	3	16	0	0	0	0
2014	3	17	0	0	0	0
2014	3	18	0.5	1.5	1	2
2014	3	19	1	0.5	0	1
2014	3	20	0	0	0	0
2014	3	21	0	0	0	0
2014	3	22	0	0	0	0
2014	3	23	0	0	0	0
2014	3	24	1	1	1	1.5
2014	3	25	8	11.5	11	8
2014	3	26	0	0.5	0.5	0
2014	3	27	0	0	0	0
2014	3	28	0	0	0	0
2014	3	29	28	20	21	38
2014	3	30	0.5	0	0	0
2014	3	31	0	0	0	0
2014	4	1	0	0	0	0
2014	4	2	0	0	0	0
2014	4	3	0	0	0	0
2014	4	4	0	0	0	0
2014	4	5	0	0	0	0
2014	4	6	0	0	0	0
2014	4	7	0	0	0	0
2014	4	8	0	0	0	0
2014	4	9	0	0	0	0
2014	4	10	0	0	0	0
2014	4	11	43	32.5	24.5	31
2014	4	12	16.5	14	13	14
2014	4	13	0	0	0	0
2014	4	14	0	0	0	0
2014	4	15	17	16.5	14	14.5
2014	4	16	1	3	1	0.5
2014	4	17	15	42.5	45	37.5
2014	4	18	7.5	9.5	14	12
2014	4	19	16	8.5	10.5	7.5
2014	4	20	1	0	0.5	0
2014	4	21	8.5	8.5	8.5	0
2014	4	22	0	0	0.5	0
2014	4	23	0	0	0	0
2014	4	24	0	0	0	0.5
2014	4	25	1	1	2.5	3
2014	4	26	0	0.5	1	1
2014	4	27	2	2.5	1.5	2
2014	4	28	0	0	0	0
2014	4	29	0	0	0	0
2014	4	30	0	0	0	0
2014	5	1	0	0	0	0
2014	5	2	0	0	0	0
2014	5	3	0	0	0.5	0.5
2014	5	4	0.5	0.5	0.5	0.5
2014	5	5	0	0	0	0
2014	5	6	0	0	0	0
2014	5	7	0	0	0	0
2014	5	8	0	0	0	0
2014	5	9	0	0	0	0
2014	5	10	29	31	32	25
2014	5	11	20.5	21.5	25.5	23
2014	5	12	0	0	0	0
2014	5	13	0	0	0	0
2014	5	14	0	0	0	0
2014	5	15	0	0	0	0
2014	5	16	0	1	0	2.5
2014	5	17	0.5	2	2	3
2014	5	18	0	0	0	0
2014	5	19	0	0	0	0
2014	5	20	0	0	0	0
2014	5	21	0	0	0	0
2014	5	22	0	0	0	0
2014	5	23	0	0	0	0
2014	5	24	0	0.5	3.5	1
2014	5	25	0	1	5.5	0.5
2014	5	26	0	0	0	0
2014	5	27	0	0	0	0
2014	5	28	0	0	0	0
2014	5	29	0	0	0	0
2014	5	30	0	0	0	0
2014	5	31	0.5	0.5	0	0.5
2014	6	1	28	55.5	60	56
2014	6	2	0	0	0	0
2014	6	3	0	0	0	0
2014	6	4	0	0	0	0
2014	6	5	0	0	0	0
2014	6	6	0	0	0	0
2014	6	7	0	0	0	0
2014	6	8	0	0	0	0
2014	6	9	0	0	0	0
2014	6	10	0	0	0	0
2014	6	11	0	0	0	0
2014	6	12	0	0	0	0
2014	6	13	0	0	0	0
2014	6	14	0	0	0	0
2014	6	15	8	9	7	7.5
2014	6	16	4.5	4.5	5	5
2014	6	17	0.5	0.5	0.5	0.5
2014	6	18	0	0	0	0
2014	6	19	0	0	0	0
2014	6	20	0	0	0	0
2014	6	21	0	0	0	0
2014	6	22	0	0	0	0
2014	6	23	0	0	0	0
2014	6	24	0	0	0	0
2014	6	25	15	26.5	25	25
2014	6	26	35.5	32.5	39	37
2014	6	27	0	0	0.5	0
2014	6	28	0	0	0	0
2014	6	29	0	0	0	0
2014	6	30	0	0	0	0
2014	7	1	14	6	6.5	10
2014	7	2	10	7.5	7.5	9
2014	7	3	0	0	0	0
2014	7	4	31.5	38.5	41.5	34.5
2014	7	5	27	24	26.5	27
2014	7	6	0	0	0	0
2014	7	7	0	0	0	0
2014	7	8	0	0	0	0
2014	7	9	0	0	0	0
2014	7	10	0	0	0	0
2014	7	11	0	0	0	0
2014	7	12	36	47.5	45.5	38
2014	7	13	0	0	0	0
2014	7	14	0	0	0	0.5
2014	7	15	0	0	0	0
2014	7	16	0	0	0	0
2014	7	17	0	0	0	0
2014	7	18	0	0	0	0
2014	7	19	0	0	0	0
2014	7	20	0	0	0	0
2014	7	21	0	0	0	0
2014	7	22	0	0	0	0
2014	7	23	0	0	0	0
2014	7	24	79	72	86	64.5
2014	7	25	2.5	4	7	7
2014	7	26	0	0	0	0
2014	7	27	40.5	57.5	42.5	57.5
2014	7	28	0	0	0	0
2014	7	29	0	0	0	0
2014	7	30	20.5	58.5	42.5	8
2014	7	31	1	0.5	1	2.5
2014	8	1	3.5	14.5	13	14.5
2014	8	2	1.5	0	0	0
2014	8	3	0	0	0	0
2014	8	4	0	0	0	0
2014	8	5	0.5	0	0	0
2014	8	6	2	43	18	12.5
2014	8	7	1	4.5	0	3.5
2014	8	8	2	2	1	1
2014	8	9	1.5	1	1	1.5
2014	8	10	2	2	1	1
2014	8	11	0.5	0	0	0
2014	8	12	4.5	2.5	3.5	4
2014	8	13	49.5	49	57.5	50.5
2014	8	14	6	4.5	4.5	6
2014	8	15	1	0	0.5	0.5
2014	8	16	0.5	1	0.5	1.5
2014	8	17	1	0	0	0.5
2014	8	18	0.5	0	0	0
2014	8	19	0	0	0	0
2014	8	20	0	0	0	0
2014	8	21	0	0	0	0
2014	8	22	0	0	0	0
2014	8	23	2	2.5	0	0
2014	8	24	14	15	14.5	15
2014	8	25	0	0	0	0
2014	8	26	0	0	0	0
2014	8	27	18	12	14.5	21
2014	8	28	0	0.5	0.5	0.5
2014	8	29	0.5	0.5	0.5	1
2014	8	30	0	2	1	0.5
2014	8	31	19.5	15.5	9	15.5
2014	9	1	0	0.5	0	0
2014	9	2	22	10	13.5	9.5
2014	9	3	0.5	0.5	0	0
2014	9	4	0	0	0	0
2014	9	5	0	0	0	0
2014	9	6	0.5	0	0	0
2014	9	7	0	0	0	0
2014	9	8	16.5	19	12.5	12.5
2014	9	9	0	0	0	0
2014	9	10	3.5	3.5	9	4.5
2014	9	11	2.5	3	2	1
2014	9	12	21.5	53.5	50	48
2014	9	13	1.5	2	1	1
2014	9	14	0.5	0	0	0
2014	9	15	0	0	0	0
2014	9	16	0	0	0	0
2014	9	17	0	0	0	0
2014	9	18	9	8.5	10	9.5
2014	9	19	3.5	4	4	3.5
2014	9	20	0.5	0.5	0	0.5
2014	9	21	1.5	0	0	0
2014	9	22	0	0	0	0
2014	9	23	0	0	0	0
2014	9	24	0	0	0	0
2014	9	25	0	0	0	0
2014	9	26	2	0.5	1.5	4
2014	9	27	0.5	0.5	0.5	0.5
2014	9	28	10.5	8	29.5	14.5
2014	9	29	1	4.5	3.5	1.5
2014	9	30	0	0	0.5	0.5
2014	10	1	0	0	0	0
2014	10	2	0	0	0	0
2014	10	3	0	0	0	0
2014	10	4	0	0	0	0
2014	10	5	0	0	0	0
2014	10	6	0	0	0	0
2014	10	7	0	0	0	0
2014	10	8	0	0	0	0
2014	10	9	0	0	0	0
2014	10	10	0	0	0	0
2014	10	11	0	0	0	0
2014	10	12	0	0	0	0
2014	10	13	0	0	0	0
2014	10	14	0	0	0	0
2014	10	15	0	0	0	0
2014	10	16	0	0	0	0
2014	10	17	0	0	0	0
2014	10	18	0	0	0	0
2014	10	19	0	0	0	0
2014	10	20	0	0	0	0
2014	10	21	12.5	11	10	9.5
2014	10	22	0.5	0	0.5	0.5
2014	10	23	0	0	0	0
2014	10	24	0	0	0	0
2014	10	25	0	0	0	0
2014	10	26	0	0	0	0
2014	10	27	0	0	0	0
2014	10	28	0	0	0	0
2014	10	29	12.5	14	14.5	14
2014	10	30	7	7.5	7	8
2014	10	31	3.5	2.5	2	2.5
2014	11	1	0	0	0	0
2014	11	2	0.5	0	0.5	0.5
2014	11	3	0	0	0	0
2014	11	4	0	0	0	0
2014	11	5	0	1.5	1.5	1
2014	11	6	0.5	0	0	0
2014	11	7	1.5	2	2	2
2014	11	8	7	7.5	7.5	8
2014	11	9	0.5	0	0	0
2014	11	10	0	0	0	0
2014	11	11	0	0	0	0
2014	11	12	0	0	0	0
2014	11	13	0	0	0	0
2014	11	14	0	0	0	0
2014	11	15	0	0	0	0
2014	11	16	0.5	0	0	0
2014	11	17	0	0	0	0
2014	11	18	0	0	0	0
2014	11	19	0	0	0	0
2014	11	20	0	0	0	0
2014	11	21	0	0	0	0
2014	11	22	0	0	0	0
2014	11	23	7.5	9.5	10	10.5
2014	11	24	38	30.5	32	30
2014	11	25	6.5	6.5	6.5	6
2014	11	26	0	0	0	0
2014	11	27	20	19.5	25.5	26
2014	11	28	2	1	1	1.5
2014	11	29	9	7.5	7.5	8.5
2014	11	30	0.5	0	0	0
2014	12	1	0	0	0	0
2014	12	2	0	0	0	0
2014	12	3	0	0	0	0
2014	12	4	0.5	0	0	0
2014	12	5	0.5	0	0	0
2014	12	6	0.5	0	0	0
2014	12	7	0	0	0	0
2014	12	8	0	0	0	0
2014	12	9	0	0	0	0
2014	12	10	0.5	1.5	1.5	1.5
2014	12	11	0	0	0	0
2014	12	12	0	0	0	0
2014	12	13	0.5	0	0	0
2014	12	14	0	0	0	0
2014	12	15	0	0	0	0
2014	12	16	0	0	0	0
2014	12	17	0	0	0	0
2014	12	18	0	0	0	0
2014	12	19	0	0	0	0
2014	12	20	0	0	0	0
2014	12	21	0	0	0	0
2014	12	22	0	0	0	0
2014	12	23	0	0	0	0
2014	12	24	0	0	0	0
2014	12	25	0	0	0	0
2014	12	26	0	0	0	0
2014	12	27	0	0	0	0
2014	12	28	0	0	0	0
2014	12	29	0	0	0	0
2014	12	30	0	0	0	0
2014	12	31	0	0	0	0
2015	1	1	0	0	0	0.5
2015	1	2	0	0	0	0
2015	1	3	0	0	0	0
2015	1	4	0	0	0	0
2015	1	5	0	0	0	0
2015	1	6	0.5	1	0	0.5
2015	1	7	0.5	0	0	0
2015	1	8	0	0	0	0
2015	1	9	0.5	0	0	0
2015	1	10	0	0	0	0
2015	1	11	0	0	0	0
2015	1	12	0	0	0	0
2015	1	13	0	1	1	1.5
2015	1	14	0.5	0.5	1	0.5
2015	1	15	0	0	0	0
2015	1	16	0.5	0	0	0
2015	1	17	0	0	0	0
2015	1	18	0	0	0	0
2015	1	19	0	0	0	0
2015	1	20	0	0	0	0
2015	1	21	0	0	0	0
2015	1	22	0	0	0	0
2015	1	23	0	0	0	0
2015	1	24	0	0	0	0
2015	1	25	0	0	0.5	0
2015	1	26	0	0	0	0
2015	1	27	2	3	3.5	3
2015	1	28	3.5	1	2.5	2.5
2015	1	29	1	2	1	1.5
2015	1	30	9.5	10.5	9.5	8
2015	1	31	1.5	2.5	4	2
2015	2	1	3	2.5	2.5	0.5
2015	2	2	0.5	0.5	0	0
2015	2	3	0.5	0	0	0
2015	2	4	0.5	0	0	0
2015	2	5	0	0	0	0
2015	2	6	0	0	0	0
2015	2	7	0.5	0	0	0
2015	2	8	0.5	0	0	0
2015	2	9	0	0	0	0
2015	2	10	0	0	0	0
2015	2	11	0	0	0	0
2015	2	12	0	0	0	0
2015	2	13	0	0	0	0
2015	2	14	0	0	0.5	0.5
2015	2	15	9	8.5	8.5	8.5
2015	2	16	0.5	0	0	0
2015	2	17	0	0.5	0	0
2015	2	18	0	0	0	0
2015	2	19	0.5	2	2.5	1
2015	2	20	8	8.5	9.5	9
2015	2	21	0.5	0	0.5	1
2015	2	22	0	1	1	0.5
2015	2	23	0.5	0.5	0.5	0.5
2015	2	24	1	1	0.5	0.5
2015	2	25	2	2	1	3
2015	2	26	0	0	0	0
2015	2	27	11.5	10.5	8	3.5
2015	2	28	15.5	13.5	14	16.5
2015	3	1	0.5	0	0	0
2015	3	2	0	0	0	0
2015	3	3	0	0	0	0
2015	3	4	0	0	0	0
2015	3	5	0	0	0	0
2015	3	6	0	0	0	0
2015	3	7	0.5	0	0	0
2015	3	8	0	0	0	0
2015	3	9	0	0	0	0
2015	3	10	0	0	0	0
2015	3	11	0	0	0	0
2015	3	12	0	0	0	0
2015	3	13	0	0	0	0
2015	3	14	1	1.5	1	1.5
2015	3	15	1	0.5	1	0
2015	3	16	0	0.5	0	1
2015	3	17	40.5	31	33.5	22
2015	3	18	6.5	5	6	6.5
2015	3	19	4.5	0.5	0.5	3
2015	3	20	6.5	6.5	6.5	10
2015	3	21	0	0	0.5	0
2015	3	22	0	0	0	0
2015	3	23	0	0	0	0
2015	3	24	0	0	0	0
2015	3	25	0	0	0	0
2015	3	26	0	0	0	0
2015	3	27	0	2	0.5	2
2015	3	28	0	0	0	0
2015	3	29	0	0	0	0
2015	3	30	0	0	0	0
2015	3	31	0	0	0	0
2015	4	1	0	0	0	0
2015	4	2	6.5	4.5	5.5	5.5
2015	4	3	0	0	0	0
2015	4	4	19	18	22	22.5
2015	4	5	35.5	32	28.5	32.5
2015	4	6	6.5	5	4.5	6
2015	4	7	0	0.5	0.5	0.5
2015	4	8	0	0	0.5	0
2015	4	9	0	0	0	0
2015	4	10	0	0	0	0
2015	4	11	0	0	0	0
2015	4	12	0.5	0	0	0
2015	4	13	0	0	0	0
2015	4	14	0	0	0	0.5
2015	4	15	0	0	0	0
2015	4	16	0	0	0	0
2015	4	17	0	0	0	0
2015	4	18	1	3	4	3.5
2015	4	19	23.5	26	22.5	23.5
2015	4	20	0.5	0.5	0	0.5
2015	4	21	0	0	0	0
2015	4	22	0	0	0	0
2015	4	23	0	0	0	0
2015	4	24	0	0	0	0
2015	4	25	0	0	0	0
2015	4	26	0	0	0	0
2015	4	27	0	4	3.5	4
2015	4	28	0	0	0	0
2015	4	29	0	0	0	0
2015	4	30	0	0	0	0
2015	5	1	0	0	0	0
2015	5	2	13	14.5	14	12.5
2015	5	3	0	0	0	0
2015	5	4	3	5.5	8.5	7.5
2015	5	5	0	0	0	0
2015	5	6	1.5	1.5	1.5	0.5
2015	5	7	0	0	0	0
2015	5	8	4	5	1	2.5
2015	5	9	0	0.5	0	0
2015	5	10	0	0	0	0
2015	5	11	3.5	4.5	3	3.5
2015	5	12	0	0	0	0
2015	5	13	0	0	0	0
2015	5	14	0	0	0	0
2015	5	15	7.5	11.5	13.5	17
2015	5	16	0	0	0	0
2015	5	17	0.5	1.5	1	2
2015	5	18	2	2	3	4
2015	5	19	0	0	0	0
2015	5	20	0	0	0	0
2015	5	21	0	0	0	0
2015	5	22	0	0	0	0
2015	5	23	0	0	0	0
2015	5	24	0	0	0	0
2015	5	25	0	0	0	0
2015	5	26	0	0	0	0
2015	5	27	17.5	14	16.5	13.5
2015	5	28	1.5	0	0	0
2015	5	29	27.5	22	19	28.5
2015	5	30	1	0	0	0
2015	5	31	1	0	0	0
2015	6	1	0	0	0	0
2015	6	2	16.5	28.5	33.5	23
2015	6	3	1.5	0	0.5	0
2015	6	4	1	1.5	0.5	1.5
2015	6	5	0	0	0.5	0
2015	6	6	0	0	0	0
2015	6	7	0	0	0	0
2015	6	8	0	0	0	0
2015	6	9	0	0	0	0
2015	6	10	0	0	0	0
2015	6	11	0	0	0	0
2015	6	12	0	0	0	0
2015	6	13	0	0	0	0
2015	6	14	0	0	0	0
2015	6	15	0	0.5	1	0
2015	6	16	54.5	74.5	76	66
2015	6	17	47.5	37.5	28	27
2015	6	18	1.5	0	0	0
2015	6	19	0.5	0	0	0
2015	6	20	0	0	0	0
2015	6	21	0.5	2	2.5	1
2015	6	22	0	0	0	0
2015	6	23	0	0	0	0
2015	6	24	0.5	0.5	0	0
2015	6	25	1	7.5	2.5	12.5
2015	6	26	13.5	18.5	20.5	17
2015	6	27	113.5	131.5	134	116
2015	6	28	4	11	11.5	6
2015	6	29	0.5	0.5	0.5	0.5
2015	6	30	4.5	8.5	8.5	6.5
2015	7	1	0.5	0	0	0
2015	7	2	0.5	0	0	0
2015	7	3	0	0	0	0
2015	7	4	0.5	0.5	0	0.5
2015	7	5	0.5	0	0	0
2015	7	6	10.5	13.5	14.5	15.5
2015	7	7	0.5	0	0	0
2015	7	8	1	0.5	0.5	0.5
2015	7	9	33	33	35.5	38.5
2015	7	10	0.5	0	0	0
2015	7	11	0	0	0	0
2015	7	12	0.5	0	0	0
2015	7	13	0	0	0	0
2015	7	14	0	0	0	0
2015	7	15	0	0	0	0
2015	7	16	63.5	64.5	55	59.5
2015	7	17	5	11.5	29	23
2015	7	18	1.5	0.5	0	0
2015	7	19	1	0.5	0.5	1.5
2015	7	20	0.5	0	0	0
2015	7	21	22.5	0	0	0
2015	7	22	1	0	0	0
2015	7	23	13	18.5	12.5	14.5
2015	7	24	35.5	30.5	28	32
2015	7	25	1.5	0	0	0
2015	7	26	0	1.5	0	0
2015	7	27	0	0	0	0
2015	7	28	0	0	0	0
2015	7	29	0	0	0	0
2015	7	30	0	0	0	0
2015	7	31	0	0.5	1	0
2015	8	1	0	0	0.5	0.5
2015	8	2	0	0	0	0
2015	8	3	0	0	0	0
2015	8	4	0	0	0	0
2015	8	5	0	0	0	0
2015	8	6	0	0	0	1.5
2015	8	7	0	0	0	0
2015	8	8	0	0	1	2
2015	8	9	13.5	16.5	7.5	10.5
2015	8	10	43.5	38.5	49	41
2015	8	11	1.5	0	0	0
2015	8	12	0	0	0	0
2015	8	13	0	0	0	0
2015	8	14	0	0	0	0
2015	8	15	0	0	0	0
2015	8	16	0	0	0	0
2015	8	17	0	0	0	0
2015	8	18	0	0	0	0
2015	8	19	2	5.5	12.5	8.5
2015	8	20	2	2	1.5	1
2015	8	21	0.5	0	0	0
2015	8	22	0	0	0	0
2015	8	23	0	0	0	0
2015	8	24	0	0	1	0
2015	8	25	0	0	0	0
2015	8	26	0	0	0	0
2015	8	27	0	0	0	0
2015	8	28	0	0	0	0
2015	8	29	0	0	0	0
2015	8	30	0	0	0	0
2015	8	31	0	0	0	0
2015	9	1	0	0	0	0
2015	9	2	0	0	0	0
2015	9	3	0	0	0	0
2015	9	4	10.5	17.5	20	16
2015	9	5	16.5	17.5	9.5	16
2015	9	6	0	0	0	0
2015	9	7	0	0	0	0
2015	9	8	0	0	0	0
2015	9	9	0	0	0	0
2015	9	10	0	0	0	0
2015	9	11	0	0	0	0
2015	9	12	0	0	0	0
2015	9	13	0	0	0	0
2015	9	14	0	0	0	0
2015	9	15	0.5	0	0.5	1.5
2015	9	16	0	0	0	0
2015	9	17	0	0	0	0
2015	9	18	0	0	0	0
2015	9	19	0	0	0	0
2015	9	20	0	0	0	0
2015	9	21	0	0	0	0
2015	9	22	0.5	4.5	10	9
2015	9	23	8	4.5	5	7
2015	9	24	1.5	2	3	2.5
2015	9	25	0	0	0	0
2015	9	26	0	0	0	0
2015	9	27	0	0	0	0
2015	9	28	0	0	0	0
2015	9	29	0	1	1.5	2
2015	9	30	1	7.5	4	2.5
2015	10	1	9.5	8.5	7	9
2015	10	2	0.5	0	0	0
2015	10	3	0	0	0	0
2015	10	4	0	0	0	0
2015	10	5	0	0	0	0
2015	10	6	0.5	1.5	2	1.5
2015	10	7	8	10	8.5	7.5
2015	10	8	1.5	0.5	0	0.5
2015	10	9	1	0	0	0
2015	10	10	0	0	0	0
2015	10	11	0	0	0	0
2015	10	12	0	0	0	0
2015	10	13	0	0	0	0
2015	10	14	0	0	0	0
2015	10	15	0	0	0	0
2015	10	16	0	0	0	0
2015	10	17	0	0	0	0
2015	10	18	0	0	0	0
2015	10	19	0	0	0	0
2015	10	20	0	0	0	0
2015	10	21	0	0	0	0
2015	10	22	0	0	0	0
2015	10	23	0	0	0	0
2015	10	24	0	0	0	0
2015	10	25	0	0	0	0
2015	10	26	5.5	7.5	7.5	7.5
2015	10	27	1.5	0	0	0
2015	10	28	0.5	1.5	2	2
2015	10	29	0.5	0.5	0	0
2015	10	30	0.5	0	0	0
2015	10	31	0.5	0.5	0.5	1
2015	11	1	0.5	0	0	0
2015	11	2	0.5	0	0	0
2015	11	3	0	0	0	0
2015	11	4	0.5	0	0	0
2015	11	5	0	0	0	1
2015	11	6	4.5	3.5	4.5	2.5
2015	11	7	12	18	19	8.5
2015	11	8	0	0	0	0
2015	11	9	0.5	0	0	0
2015	11	10	0	0	0	0
2015	11	11	0	0	0	0
2015	11	12	17	15	15	16.5
2015	11	13	2	1	1	1
2015	11	14	0	0	0	0
2015	11	15	12.5	13.5	14	13
2015	11	16	3.5	3	2.5	3
2015	11	17	11	11	10.5	10
2015	11	18	8	9	8	8
2015	11	19	1.5	1.5	1.5	1.5
2015	11	20	0	0	0	0
2015	11	21	0.5	0	0	0
2015	11	22	1.5	2	3.5	1
2015	11	23	2.5	3.5	2.5	2
2015	11	24	14.5	12.5	13.5	12.5
2015	11	25	4.5	5	4.5	3
2015	11	26	0	0.5	1	0
2015	11	27	2.5	0	0	0
2015	11	28	0	0	0	0
2015	11	29	0	0	0	0
2015	11	30	0	0	0	0
2015	12	1	0	0	0	0
2015	12	2	0	0	0	0
2015	12	3	0	0	0	0
2015	12	4	0	0	0	0
2015	12	5	1	0.5	0.5	1
2015	12	6	0	0	0	0
2015	12	7	0	0	0	0
2015	12	8	0	0	0	0
2015	12	9	0	0.5	0	0
2015	12	10	0	0	0	0
2015	12	11	0	0	0	0
2015	12	12	0	0	0	0
2015	12	13	0	0	0	0
2015	12	14	0	0	0	0
2015	12	15	0	0	0	0
2015	12	16	0	0	0	0
2015	12	17	0	0	0	0
2015	12	18	0	0	0	0
2015	12	19	0	0	0	0
2015	12	20	0	0	0	0
2015	12	21	0	0	0.5	0
2015	12	22	0	0	0	0
2015	12	23	0.5	3	2	2.5
2015	12	24	3	1.5	1.5	1
2015	12	25	0	0	0	0
2015	12	26	0	0	0	0
2015	12	27	0	0	0	0
2015	12	28	0	0	0	0
2015	12	29	0	0	0	0
2015	12	30	0	0	0	0
2015	12	31	0	0	0	0
